   0.0            0.0
   0.3527358E-06  0.5961561E-03
   0.2736395E-02  0.1136788E-02
   0.1092258E-01  0.4241672E-02
   0.2445874E-01  0.7896996E-02
   0.4321506E-01  0.1164179E-01
   0.6697159E-01  0.1542114E-01
   0.9546839E-01  0.1902119E-01
   0.1284056      0.2208612E-01
   0.1654034      0.2422109E-01
   0.2060818      0.2527606E-01
   0.2499709      0.2526599E-01
   0.2966008      0.2410581E-01
   0.3454613      0.2209060E-01
   0.3960123      0.1946039E-01
   0.4477137      0.1645021E-01
   0.4999755      0.1325003E-01
   0.5522375      0.1003985E-01
   0.6039397      0.6979703E-02
   0.6544919      0.4224549E-02
   0.7033541      0.1969342E-02
   0.7499865      0.3292383E-03
   0.7938786     -0.8407012E-03
   0.8345606     -0.1650622E-02
   0.8715624     -0.2095578E-02
   0.9045041     -0.2160548E-02
   0.9330056     -0.1880469E-02
   0.9567668     -0.1405372E-02
   0.9755279     -0.8752758E-03
   0.9890686     -0.4201971E-03
   0.9972590     -0.1101422E-03
   0.9999992      0.5238689E-09
   1.0            0.0
