0.000000001102	0.000000000000	0.000000000000	-0.000000036212	-0.000000028289	0.000000000000	0.000291559621	0.000000000000	0.000000000000	0.000000135954	-0.000000069177	0.000000000000	0.000000000000	0.000000087916	-0.000000087948	0.000000000000	0.000000000000	0.000000038229	-0.000000126279	0.000000000000
-0.000000001134	0.000000000000	0.000000000000	0.000000011191	0.000000006855	0.000000000000	-0.000107292991	0.000000000000	0.000000000000	-0.000000056148	0.000000019896	0.000000000000	0.000000000000	-0.000000037836	0.000000024372	0.000000000000	0.000000000000	-0.000000008465	0.000000039771	0.000000000000
0.000269154116	0.000000000000	0.000000000000	0.000809466146	0.001380902872	0.000000000000	0.000000352407	0.000000000000	0.000000000000	0.002815963550	0.003049147930	0.000000000000	0.000000000000	0.002357449392	0.006555804580	0.000000000000	0.000000000000	-0.000700974412	0.008847623475	0.000000000000
0.000303955662	0.000000000000	0.000000000000	-0.004942103180	0.005855038418	0.000000000000	0.000007587949	0.000000000000	0.000000000000	-0.011220654937	0.020671505298	0.000000000000	0.000000000000	-0.031138943664	0.019667494129	0.000000000000	0.000000000000	0.052839837784	0.008604576476	0.000000000000
-0.000593779548	0.000000000000	0.000000000000	-0.005800280553	0.000082781497	0.000000000000	0.000004233253	0.000000000000	0.000000000000	-0.015718191362	0.005837222195	0.000000000000	0.000000000000	-0.028003757062	-0.004095388146	0.000000000000	0.000000000000	0.038385138014	-0.017261645183	0.000000000000
-0.000000000521	0.000000000000	0.000000000000	0.000000096385	0.000000060679	0.000000000000	-0.000614546961	0.000000000000	0.000000000000	-0.000000237131	0.000000117740	0.000000000000	0.000000000000	-0.000000097312	0.000000162887	0.000000000000	0.000000000000	-0.000000152313	0.000000243396	0.000000000000
0.000000007789	0.000000000000	0.000000000000	-0.000000138559	-0.000000078658	0.000000000000	0.001062364394	0.000000000000	0.000000000000	0.000000485323	-0.000000175241	0.000000000000	0.000000000000	0.000000254942	-0.000000217896	0.000000000000	0.000000000000	0.000000212023	-0.000000352609	0.000000000000
-0.000000008490	0.000000000000	0.000000000000	0.000000035100	0.000000002011	0.000000000000	-0.000389008532	0.000000000000	0.000000000000	-0.000000225439	0.000000013003	0.000000000000	0.000000000000	-0.000000128667	-0.000000012307	0.000000000000	0.000000000000	-0.000000065568	0.000000024708	0.000000000000
0.001053182331	0.000000000000	0.000000000000	0.002963948205	0.005116349980	0.000000000000	0.000001469217	0.000000000000	0.000000000000	0.009654362336	0.010746861776	0.000000000000	0.000000000000	0.007187032289	0.021447684597	0.000000000000	0.000000000000	-0.001074524434	0.027008193999	0.000000000000
0.000583873788	0.000000000000	0.000000000000	-0.010128729767	0.011271298758	0.000000000000	0.000013233697	0.000000000000	0.000000000000	-0.023376148030	0.039014293189	0.000000000000	0.000000000000	-0.059996312489	0.033267909935	0.000000000000	0.000000000000	0.092531932933	0.011992030997	0.000000000000
-0.001153118954	0.000000000000	0.000000000000	-0.011172680839	0.000749302826	0.000000000000	0.000006926108	0.000000000000	0.000000000000	-0.028574156200	0.013215915332	0.000000000000	0.000000000000	-0.049524956648	-0.002005943596	0.000000000000	0.000000000000	0.063838961765	-0.019905702027	0.000000000000
-0.000000001100	0.000000000000	0.000000000000	0.000000231565	0.000000090750	0.000000000000	-0.001190057260	0.000000000000	0.000000000000	-0.000000342937	0.000000118426	0.000000000000	0.000000000000	0.000000057580	0.000000268369	0.000000000000	0.000000000000	-0.000000611267	0.000000524646	0.000000000000
0.000000024697	0.000000000000	0.000000000000	-0.000000316678	-0.000000122882	0.000000000000	0.002280923331	0.000000000000	0.000000000000	0.000000980439	-0.000000251495	0.000000000000	0.000000000000	0.000000348993	-0.000000394392	0.000000000000	0.000000000000	0.000000697099	-0.000000796075	0.000000000000
-0.000000027272	0.000000000000	0.000000000000	0.000000069262	-0.000000036335	0.000000000000	-0.000833676886	0.000000000000	0.000000000000	-0.000000489429	-0.000000057891	0.000000000000	0.000000000000	-0.000000203549	-0.000000099962	0.000000000000	0.000000000000	-0.000000258821	0.000000048184	0.000000000000
0.002318285769	0.000000000000	0.000000000000	0.006069491880	0.010619037616	0.000000000000	0.000003424814	0.000000000000	0.000000000000	0.018220218829	0.020995744437	0.000000000000	0.000000000000	0.011397583605	0.037869655348	0.000000000000	0.000000000000	0.000952393635	0.042848502866	0.000000000000
0.000839875217	0.000000000000	0.000000000000	-0.015515068132	0.016240180896	0.000000000000	0.000016986735	0.000000000000	0.000000000000	-0.035599193748	0.054400391247	0.000000000000	0.000000000000	-0.082013914239	0.041001894690	0.000000000000	0.000000000000	0.107331160419	0.015442238467	0.000000000000
-0.001677977058	0.000000000000	0.000000000000	-0.016094092499	0.001988722612	0.000000000000	0.000008283476	0.000000000000	0.000000000000	-0.038143140940	0.021667872279	0.000000000000	0.000000000000	-0.062177553661	0.005658522148	0.000000000000	0.000000000000	0.070113982541	-0.007178010174	0.000000000000
-0.000000001404	0.000000000000	0.000000000000	0.000000407097	0.000000098005	0.000000000000	-0.001726557938	0.000000000000	0.000000000000	-0.000000310646	0.000000040110	0.000000000000	0.000000000000	0.000000414129	0.000000392724	0.000000000000	0.000000000000	-0.000001170649	0.000000876331	0.000000000000
0.000000055711	0.000000000000	0.000000000000	-0.000000585453	-0.000000148766	0.000000000000	0.003915787651	0.000000000000	0.000000000000	0.000001525235	-0.000000294167	0.000000000000	0.000000000000	0.000000246945	-0.000000748067	0.000000000000	0.000000000000	0.000001487449	-0.000001659095	0.000000000000
-0.000000061697	0.000000000000	0.000000000000	0.000000117725	-0.000000116914	0.000000000000	-0.001429844245	0.000000000000	0.000000000000	-0.000000798032	-0.000000185088	0.000000000000	0.000000000000	-0.000000186221	-0.000000128586	0.000000000000	0.000000000000	-0.000000602339	0.000000297744	0.000000000000
0.004030752557	0.000000000000	0.000000000000	0.009745217547	0.017312963032	0.000000000000	0.000006151543	0.000000000000	0.000000000000	0.026498094595	0.031814150641	0.000000000000	0.000000000000	0.012943857271	0.050342484615	0.000000000000	0.000000000000	0.005369720758	0.048988371585	0.000000000000
0.001072192078	0.000000000000	0.000000000000	-0.021046819173	0.020769567510	0.000000000000	0.000018972799	0.000000000000	0.000000000000	-0.046909459357	0.066497104710	0.000000000000	0.000000000000	-0.093491404667	0.044260022419	0.000000000000	0.000000000000	0.092885441988	0.022755028994	0.000000000000
-0.002168346651	0.000000000000	0.000000000000	-0.020548025358	0.003785545118	0.000000000000	0.000008547556	0.000000000000	0.000000000000	-0.044192816307	0.030723590116	0.000000000000	0.000000000000	-0.064941784303	0.017599581992	0.000000000000	0.000000000000	0.056905900505	0.016859794036	0.000000000000
-0.000000000894	0.000000000000	0.000000000000	0.000000625129	0.000000090052	0.000000000000	-0.002224163298	0.000000000000	0.000000000000	-0.000000145270	-0.000000079080	0.000000000000	0.000000000000	0.000000870602	0.000000576368	0.000000000000	0.000000000000	-0.000001547178	0.000001225079	0.000000000000
0.000000104163	0.000000000000	0.000000000000	-0.000000964134	-0.000000157913	0.000000000000	0.005935554607	0.000000000000	0.000000000000	0.000001998272	-0.000000344241	0.000000000000	0.000000000000	-0.000000166680	-0.000001476094	0.000000000000	0.000000000000	0.000002494985	-0.000003137516	0.000000000000
-0.000000114926	0.000000000000	0.000000000000	0.000000191057	-0.000000235553	0.000000000000	-0.002166074053	0.000000000000	0.000000000000	-0.000001072257	-0.000000322738	0.000000000000	0.000000000000	0.000000004884	0.000000076219	0.000000000000	0.000000000000	-0.000001056262	0.000000976704	0.000000000000
0.006156951420	0.000000000000	0.000000000000	0.013621272935	0.024633328662	0.000000000000	0.000009516729	0.000000000000	0.000000000000	0.032706865158	0.041353005153	0.000000000000	0.000000000000	0.010572555104	0.054604677986	0.000000000000	0.000000000000	0.010880676292	0.041546615260	0.000000000000
0.001281142622	0.000000000000	0.000000000000	-0.026664560885	0.024878143783	0.000000000000	0.000019356380	0.000000000000	0.000000000000	-0.056354715628	0.075168205949	0.000000000000	0.000000000000	-0.092250615154	0.044511901930	0.000000000000	0.000000000000	0.053115082408	0.032877771027	0.000000000000
-0.002624241764	0.000000000000	0.000000000000	-0.024522517652	0.006120141844	0.000000000000	0.000007972909	0.000000000000	0.000000000000	-0.046659158991	0.039901471432	0.000000000000	0.000000000000	-0.058123240245	0.031778975551	0.000000000000	0.000000000000	0.029376974662	0.043560938851	0.000000000000
0.000000000716	0.000000000000	0.000000000000	0.000000884911	0.000000073435	0.000000000000	-0.002683050793	0.000000000000	0.000000000000	0.000000126079	-0.000000205827	0.000000000000	0.000000000000	0.000001276523	0.000000798675	0.000000000000	0.000000000000	-0.000001468411	0.000001399898	0.000000000000
0.000000172709	0.000000000000	0.000000000000	-0.000001473938	-0.000000165741	0.000000000000	0.008309068932	0.000000000000	0.000000000000	0.000002296742	-0.000000479502	0.000000000000	0.000000000000	-0.000000866132	-0.000002706987	0.000000000000	0.000000000000	0.000003416186	-0.000005133878	0.000000000000
-0.000000189162	0.000000000000	0.000000000000	0.000000303436	-0.000000378108	0.000000000000	-0.003031020389	0.000000000000	0.000000000000	-0.000001238019	-0.000000405084	0.000000000000	0.000000000000	0.000000376608	0.000000636159	0.000000000000	0.000000000000	-0.000001464754	0.000002079463	0.000000000000
0.008663550548	0.000000000000	0.000000000000	0.017361350175	0.032055750990	0.000000000000	0.000013282327	0.000000000000	0.000000000000	0.035699561180	0.048226918194	0.000000000000	0.000000000000	0.004645648252	0.049432846655	0.000000000000	0.000000000000	0.014867522207	0.023152250426	0.000000000000
0.001467193391	0.000000000000	0.000000000000	-0.032301050728	0.028600397102	0.000000000000	0.000018350210	0.000000000000	0.000000000000	-0.063060528465	0.080500508035	0.000000000000	0.000000000000	-0.078188729349	0.042809411933	0.000000000000	0.000000000000	-0.000231215060	0.039816148365	0.000000000000
-0.003045780928	0.000000000000	0.000000000000	-0.028017170723	0.008957377266	0.000000000000	0.000006809894	0.000000000000	0.000000000000	-0.045768933606	0.048593940858	0.000000000000	0.000000000000	-0.043486250860	0.045101709544	0.000000000000	0.000000000000	-0.003673603189	0.061876296283	0.000000000000
0.000000004074	0.000000000000	0.000000000000	0.000001186934	0.000000053307	0.000000000000	-0.003103557843	0.000000000000	0.000000000000	0.000000463491	-0.000000319517	0.000000000000	0.000000000000	0.000001481691	0.000000996134	0.000000000000	0.000000000000	-0.000000841495	0.000001296172	0.000000000000
0.000000282770	0.000000000000	0.000000000000	-0.000002279776	-0.000000213939	0.000000000000	0.011512721798	0.000000000000	0.000000000000	0.000002273390	-0.000000885449	0.000000000000	0.000000000000	-0.000001930409	-0.000004855994	0.000000000000	0.000000000000	0.000003882345	-0.000007640117	0.000000000000
-0.000000305733	0.000000000000	0.000000000000	0.000000513047	-0.000000542331	0.000000000000	-0.004198368535	0.000000000000	0.000000000000	-0.000001185393	-0.000000319520	0.000000000000	0.000000000000	0.000000987152	0.000001828277	0.000000000000	0.000000000000	-0.000001601536	0.000003637279	0.000000000000
0.012049885510	0.000000000000	0.000000000000	0.021093681316	0.040142873128	0.000000000000	0.000017824304	0.000000000000	0.000000000000	0.033848859581	0.051194090059	0.000000000000	0.000000000000	-0.005260927089	0.031765524159	0.000000000000	0.000000000000	0.013765752144	-0.004880377621	0.000000000000
0.001676958905	0.000000000000	0.000000000000	-0.039550999825	0.032944614264	0.000000000000	0.000015406433	0.000000000000	0.000000000000	-0.067186105861	0.083181064890	0.000000000000	0.000000000000	-0.045490275533	0.038325173325	0.000000000000	0.000000000000	-0.066029411787	0.034629244087	0.000000000000
-0.003544286928	0.000000000000	0.000000000000	-0.031896318235	0.013276302786	0.000000000000	0.000004754887	0.000000000000	0.000000000000	-0.040737256469	0.058344591754	0.000000000000	0.000000000000	-0.018278028959	0.056074061883	0.000000000000	0.000000000000	-0.039797509814	0.060386942374	0.000000000000
0.000000011006	0.000000000000	0.000000000000	0.000001634362	0.000000025228	0.000000000000	-0.003595399788	0.000000000000	0.000000000000	0.000000902938	-0.000000438288	0.000000000000	0.000000000000	0.000001253060	0.000001071201	0.000000000000	0.000000000000	0.000000602123	0.000000735033	0.000000000000
0.000000429650	0.000000000000	0.000000000000	-0.000003362515	-0.000000366880	0.000000000000	0.015151018243	0.000000000000	0.000000000000	0.000001788086	-0.000001691741	0.000000000000	0.000000000000	-0.000002884978	-0.000007484286	0.000000000000	0.000000000000	0.000003350269	-0.000009482302	0.000000000000
-0.000000457119	0.000000000000	0.000000000000	0.000000841656	-0.000000657525	0.000000000000	-0.005523846493	0.000000000000	0.000000000000	-0.000000811624	0.000000058653	0.000000000000	0.000000000000	0.000001582070	0.000003435434	0.000000000000	0.000000000000	-0.000001176366	0.000004929030	0.000000000000
0.015904175096	0.000000000000	0.000000000000	0.023693995343	0.046902634948	0.000000000000	0.000022049497	0.000000000000	0.000000000000	0.026170223974	0.048034905756	0.000000000000	0.000000000000	-0.015035274458	0.006535088749	0.000000000000	0.000000000000	0.004957064413	-0.028915106242	0.000000000000
0.001854004731	0.000000000000	0.000000000000	-0.046639972492	0.036850271888	0.000000000000	0.000011097967	0.000000000000	0.000000000000	-0.066044207515	0.081816547816	0.000000000000	0.000000000000	-0.004274321421	0.030104591971	0.000000000000	0.000000000000	-0.105200010805	0.008222555396	0.000000000000
-0.003991774943	0.000000000000	0.000000000000	-0.035116213169	0.018182083502	0.000000000000	0.000002410586	0.000000000000	0.000000000000	-0.032732374647	0.065417357418	0.000000000000	0.000000000000	0.007920063426	0.055817617134	0.000000000000	0.000000000000	-0.057238672149	0.029443282205	0.000000000000
0.000000021720	0.000000000000	0.000000000000	0.000002140441	-0.000000004413	0.000000000000	-0.004030937026	0.000000000000	0.000000000000	0.000001241036	-0.000000533252	0.000000000000	0.000000000000	0.000000411334	0.000000871248	0.000000000000	0.000000000000	0.000002138072	0.000000024400	0.000000000000
0.000000615271	0.000000000000	0.000000000000	-0.000004766728	-0.000000707083	0.000000000000	0.019171076225	0.000000000000	0.000000000000	0.000000863934	-0.000002967088	0.000000000000	0.000000000000	-0.000003236405	-0.000009929371	0.000000000000	0.000000000000	0.000001753164	-0.000009615338	0.000000000000
-0.000000642794	0.000000000000	0.000000000000	0.000001323380	-0.000000665545	0.000000000000	-0.006988198506	0.000000000000	0.000000000000	-0.000000126260	0.000000775840	0.000000000000	0.000000000000	0.000001867760	0.000005035975	0.000000000000	0.000000000000	-0.000000174866	0.000005268742	0.000000000000
0.020169951497	0.000000000000	0.000000000000	0.024773486394	0.051692871302	0.000000000000	0.000025424258	0.000000000000	0.000000000000	0.013602415201	0.039018772984	0.000000000000	0.000000000000	-0.020797081556	-0.018909839083	0.000000000000	0.000000000000	-0.010013361757	-0.039130731895	0.000000000000
0.001999761253	0.000000000000	0.000000000000	-0.053447539800	0.040400273478	0.000000000000	0.000005873932	0.000000000000	0.000000000000	-0.059516244290	0.076714300333	0.000000000000	0.000000000000	0.037290026930	0.016310817906	0.000000000000	0.000000000000	-0.104257782763	-0.033627336248	0.000000000000
-0.004388970079	0.000000000000	0.000000000000	-0.037720311226	0.023546747787	0.000000000000	0.000000130488	0.000000000000	0.000000000000	-0.023061016899	0.068605680202	0.000000000000	0.000000000000	0.029721372178	0.041341021403	0.000000000000	0.000000000000	-0.052100729261	-0.020478566424	0.000000000000
0.000000035602	0.000000000000	0.000000000000	0.000002688083	-0.000000034604	0.000000000000	-0.004411484253	0.000000000000	0.000000000000	0.000001347491	-0.000000612545	0.000000000000	0.000000000000	-0.000000959359	0.000000404027	0.000000000000	0.000000000000	0.000002917454	-0.000000426019	0.000000000000
0.000000840060	0.000000000000	0.000000000000	-0.000006524745	-0.000001316515	0.000000000000	0.023521954625	0.000000000000	0.000000000000	-0.000000283455	-0.000004647669	0.000000000000	0.000000000000	-0.000002589522	-0.000011414218	0.000000000000	0.000000000000	-0.000000146918	-0.000007772355	0.000000000000
-0.000000860994	0.000000000000	0.000000000000	0.000001984101	-0.000000513379	0.000000000000	-0.008572876351	0.000000000000	0.000000000000	0.000000744617	0.000001783629	0.000000000000	0.000000000000	0.000001607930	0.000006132479	0.000000000000	0.000000000000	0.000000966840	0.000004454138	0.000000000000
0.024792874929	0.000000000000	0.000000000000	0.024083072877	0.054078791891	0.000000000000	0.000027428188	0.000000000000	0.000000000000	-0.001732691958	0.025694214268	0.000000000000	0.000000000000	-0.020028826484	-0.037578722327	0.000000000000	0.000000000000	-0.025090812641	-0.033994711707	0.000000000000
0.002116054524	0.000000000000	0.000000000000	-0.059857139125	0.043680066821	0.000000000000	0.000000167754	0.000000000000	0.000000000000	-0.048160535984	0.068069218929	0.000000000000	0.000000000000	0.070884429669	-0.004198533273	0.000000000000	0.000000000000	-0.066524622544	-0.072374810710	0.000000000000
-0.004737017965	0.000000000000	0.000000000000	-0.039771602509	0.029211878847	0.000000000000	-0.000001843762	0.000000000000	0.000000000000	-0.013028951837	0.066976461974	0.000000000000	0.000000000000	0.043619484412	0.014244026100	0.000000000000	0.000000000000	-0.029916873118	-0.066732049453	0.000000000000
0.000000053866	0.000000000000	0.000000000000	0.000003267863	-0.000000071853	0.000000000000	-0.004738887715	0.000000000000	0.000000000000	0.000001134184	-0.000000695149	0.000000000000	0.000000000000	-0.000002553040	-0.000000150792	0.000000000000	0.000000000000	0.000002388651	-0.000000454007	0.000000000000
0.000001103091	0.000000000000	0.000000000000	-0.000008664750	-0.000002278186	0.000000000000	0.028153923413	0.000000000000	0.000000000000	-0.000001341559	-0.000006539889	0.000000000000	0.000000000000	-0.000000683490	-0.000011172278	0.000000000000	0.000000000000	-0.000001341495	-0.000004325176	0.000000000000
-0.000001108751	0.000000000000	0.000000000000	0.000002844590	-0.000000152424	0.000000000000	-0.010259773538	0.000000000000	0.000000000000	0.000001610739	0.000002955524	0.000000000000	0.000000000000	0.000000656095	0.000006258116	0.000000000000	0.000000000000	0.000001652919	0.000002688885	0.000000000000
0.029719938741	0.000000000000	0.000000000000	0.021450159665	0.053741999016	0.000000000000	0.000027588969	0.000000000000	0.000000000000	-0.017314958999	0.010103355209	0.000000000000	0.000000000000	-0.011699712959	-0.044347497507	0.000000000000	0.000000000000	-0.033099930835	-0.017154008698	0.000000000000
0.002204941830	0.000000000000	0.000000000000	-0.065762394189	0.046765620675	0.000000000000	-0.000005617240	0.000000000000	0.000000000000	-0.032982539395	0.056063317138	0.000000000000	0.000000000000	0.090113129027	-0.029816786542	0.000000000000	0.000000000000	-0.008593132434	-0.085418575991	0.000000000000
-0.005037285410	0.000000000000	0.000000000000	-0.041344048323	0.035003339662	0.000000000000	-0.000003340227	0.000000000000	0.000000000000	-0.003906608865	0.059897603938	0.000000000000	0.000000000000	0.048099421403	-0.020238932590	0.000000000000	0.000000000000	-0.002624907879	-0.085539677601	0.000000000000
0.000000074739	0.000000000000	0.000000000000	0.000003853349	-0.000000117972	0.000000000000	-0.005015285622	0.000000000000	0.000000000000	0.000000542339	-0.000000772173	0.000000000000	0.000000000000	-0.000003924719	-0.000000539646	0.000000000000	0.000000000000	0.000000534676	-0.000000281948	0.000000000000
0.000001402177	0.000000000000	0.000000000000	-0.000011192581	-0.000003651345	0.000000000000	0.033020293042	0.000000000000	0.000000000000	-0.000001894183	-0.000008345378	0.000000000000	0.000000000000	0.000002214675	-0.000009035518	0.000000000000	0.000000000000	-0.000000947769	-0.000000306661	0.000000000000
-0.000001382489	0.000000000000	0.000000000000	0.000003911267	0.000000447932	0.000000000000	-0.012031891245	0.000000000000	0.000000000000	0.000002229303	0.000004104737	0.000000000000	0.000000000000	-0.000000841146	0.000005311835	0.000000000000	0.000000000000	0.000001395550	0.000000593586	0.000000000000
0.034901435351	0.000000000000	0.000000000000	0.016852701485	0.050597330086	0.000000000000	0.000025586721	0.000000000000	0.000000000000	-0.030428573482	-0.005301824079	0.000000000000	0.000000000000	0.002171733795	-0.038913743938	0.000000000000	0.000000000000	-0.029391474061	0.002987471974	0.000000000000
0.002268915397	0.000000000000	0.000000000000	-0.071073220130	0.049715806761	0.000000000000	-0.000011140839	0.000000000000	0.000000000000	-0.015478986379	0.040824245188	0.000000000000	0.000000000000	0.091971928128	-0.055855110654	0.000000000000	0.000000000000	0.045891658364	-0.059046292628	0.000000000000
-0.005291654474	0.000000000000	0.000000000000	-0.042519596962	0.040735040759	0.000000000000	-0.000004304249	0.000000000000	0.000000000000	0.003443104365	0.047419544379	0.000000000000	0.000000000000	0.044026366956	-0.053557283837	0.000000000000	0.000000000000	0.018453480377	-0.065997711377	0.000000000000
0.000000099713	0.000000000000	0.000000000000	0.000004433574	-0.000000187457	0.000000000000	-0.005243439511	0.000000000000	0.000000000000	-0.000000411131	-0.000000832553	0.000000000000	0.000000000000	-0.000004651390	-0.000000572530	0.000000000000	0.000000000000	-0.000001859712	-0.000000534317	0.000000000000
0.000001733897	0.000000000000	0.000000000000	-0.000014104026	-0.000005478541	0.000000000000	0.038076181364	0.000000000000	0.000000000000	-0.000001494358	-0.000009684399	0.000000000000	0.000000000000	0.000005579192	-0.000005285446	0.000000000000	0.000000000000	0.000001430417	0.000002973090	0.000000000000
-0.000001677966	0.000000000000	0.000000000000	0.000005182276	0.000001305316	0.000000000000	-0.013872889339	0.000000000000	0.000000000000	0.000002347672	0.000005010516	0.000000000000	0.000000000000	-0.000002581825	0.000003461058	0.000000000000	0.000000000000	-0.000000000167	-0.000001097079	0.000000000000
0.040289622781	0.000000000000	0.000000000000	0.010342633904	0.044676291531	0.000000000000	0.000021208640	0.000000000000	0.000000000000	-0.038561685946	-0.018155793235	0.000000000000	0.000000000000	0.018072756104	-0.023787579812	0.000000000000	0.000000000000	-0.012908463892	0.018548880310	0.000000000000
0.002310707791	0.000000000000	0.000000000000	-0.075716297386	0.052569703071	0.000000000000	-0.000016108672	0.000000000000	0.000000000000	0.002725638365	0.022663887171	0.000000000000	0.000000000000	0.076974280235	-0.075460648138	0.000000000000	0.000000000000	0.077140568818	0.000709820887	0.000000000000
-0.005502273991	0.000000000000	0.000000000000	-0.043384573756	0.046216380077	0.000000000000	-0.000004741043	0.000000000000	0.000000000000	0.008444454931	0.030102968908	0.000000000000	0.000000000000	0.034080123577	-0.076264819193	0.000000000000	0.000000000000	0.026588470787	-0.014768080453	0.000000000000
0.000000125642	0.000000000000	0.000000000000	0.000004976822	-0.000000276540	0.000000000000	-0.005426441800	0.000000000000	0.000000000000	-0.000001651288	-0.000000821406	0.000000000000	0.000000000000	-0.000004397700	-0.000000209641	0.000000000000	0.000000000000	-0.000003626840	-0.000001605870	0.000000000000
0.000002094066	0.000000000000	0.000000000000	-0.000017368338	-0.000007763982	0.000000000000	0.043280992371	0.000000000000	0.000000000000	0.000000200689	-0.000010237612	0.000000000000	0.000000000000	0.000008494820	-0.000000814685	0.000000000000	0.000000000000	0.000004857061	0.000004850945	0.000000000000
-0.000001990945	0.000000000000	0.000000000000	0.000006640622	0.000002414647	0.000000000000	-0.015767988630	0.000000000000	0.000000000000	0.000001780214	0.000005494701	0.000000000000	0.000000000000	-0.000004072221	0.000001215204	0.000000000000	0.000000000000	-0.000002008678	-0.000002012422	0.000000000000
0.045841389743	0.000000000000	0.000000000000	0.002099836323	0.036214766877	0.000000000000	0.000014468359	0.000000000000	0.000000000000	-0.040069376401	-0.026748219841	0.000000000000	0.000000000000	0.031162245738	-0.004778875762	0.000000000000	0.000000000000	0.010453089516	0.025829431608	0.000000000000
0.002333510838	0.000000000000	0.000000000000	-0.079645289149	0.055332376000	0.000000000000	-0.000020328103	0.000000000000	0.000000000000	0.019972770305	0.002108296455	0.000000000000	0.000000000000	0.049370920145	-0.081279886896	0.000000000000	0.000000000000	0.076907530253	0.068560433068	0.000000000000
-0.005671878038	0.000000000000	0.000000000000	-0.044018257077	0.051270509079	0.000000000000	-0.000004742936	0.000000000000	0.000000000000	0.011062636892	0.009249446792	0.000000000000	0.000000000000	0.021500446720	-0.081440475257	0.000000000000	0.000000000000	0.022388028460	0.044777296534	0.000000000000
0.000000154445	0.000000000000	0.000000000000	0.000005475956	-0.000000403330	0.000000000000	-0.005568073288	0.000000000000	0.000000000000	-0.000003046742	-0.000000697340	0.000000000000	0.000000000000	-0.000003140362	0.000000326774	0.000000000000	0.000000000000	-0.000003796250	-0.000003231670	0.000000000000
0.000002477619	0.000000000000	0.000000000000	-0.000020942934	-0.000010484788	0.000000000000	0.048596593717	0.000000000000	0.000000000000	0.000003446844	-0.000009735189	0.000000000000	0.000000000000	0.000010008657	0.000003194422	0.000000000000	0.000000000000	0.000007748601	0.000005138026	0.000000000000
-0.000002317002	0.000000000000	0.000000000000	0.000008261856	0.000003755968	0.000000000000	-0.017703307358	0.000000000000	0.000000000000	0.000000398416	0.000005417682	0.000000000000	0.000000000000	-0.000004808930	-0.000000788155	0.000000000000	0.000000000000	-0.000003758910	-0.000002061819	0.000000000000
0.051516289741	0.000000000000	0.000000000000	-0.007641912261	0.025536207067	0.000000000000	0.000005501042	0.000000000000	0.000000000000	-0.033964723953	-0.029931498734	0.000000000000	0.000000000000	0.036800776818	0.011892120402	0.000000000000	0.000000000000	0.031801980076	0.024314423067	0.000000000000
0.002340759637	0.000000000000	0.000000000000	-0.082834757845	0.057983179755	0.000000000000	-0.000023656409	0.000000000000	0.000000000000	0.034857994653	-0.019943910019	0.000000000000	0.000000000000	0.015301727055	-0.068567075645	0.000000000000	0.000000000000	0.049651017539	0.111348405341	0.000000000000
-0.005803500657	0.000000000000	0.000000000000	-0.044496115203	0.055730575158	0.000000000000	-0.000004431831	0.000000000000	0.000000000000	0.011607787231	-0.013393129349	0.000000000000	0.000000000000	0.009589873559	-0.065963255968	0.000000000000	0.000000000000	0.012705086337	0.084439301465	0.000000000000
0.000000181472	0.000000000000	0.000000000000	0.000005899891	-0.000000548200	0.000000000000	-0.005672471846	0.000000000000	0.000000000000	-0.000004428659	-0.000000407894	0.000000000000	0.000000000000	-0.000001082232	0.000000660845	0.000000000000	0.000000000000	-0.000001969955	-0.000004471369	0.000000000000
0.000002879456	0.000000000000	0.000000000000	-0.000024765507	-0.000013583146	0.000000000000	0.053990483047	0.000000000000	0.000000000000	0.000008229270	-0.000008118831	0.000000000000	0.000000000000	0.000009477097	0.000005842153	0.000000000000	0.000000000000	0.000008188797	0.000004206619	0.000000000000
-0.000002652266	0.000000000000	0.000000000000	0.000010011834	0.000005292166	0.000000000000	-0.019667013666	0.000000000000	0.000000000000	-0.000001780561	0.000004758197	0.000000000000	0.000000000000	-0.000004469121	-0.000002072351	0.000000000000	0.000000000000	-0.000004246245	-0.000001471484	0.000000000000
0.057279947995	0.000000000000	0.000000000000	-0.018576712546	0.013083932875	0.000000000000	-0.000005356907	0.000000000000	0.000000000000	-0.020591022534	-0.027729215747	0.000000000000	0.000000000000	0.032325343593	0.021754770884	0.000000000000	0.000000000000	0.041868306924	0.016780008201	0.000000000000
0.002336360506	0.000000000000	0.000000000000	-0.085293343916	0.060457003487	0.000000000000	-0.000026075177	0.000000000000	0.000000000000	0.046425422140	-0.042170344591	0.000000000000	0.000000000000	-0.018340536003	-0.037183020621	0.000000000000	0.000000000000	0.010393857182	0.105084095309	0.000000000000
-0.005900808640	0.000000000000	0.000000000000	-0.044871465082	0.059469782776	0.000000000000	-0.000003963125	0.000000000000	0.000000000000	0.010707408852	-0.035737211820	0.000000000000	0.000000000000	0.000326327303	-0.032932038697	0.000000000000	0.000000000000	0.005059743174	0.085998966356	0.000000000000
0.000000209219	0.000000000000	0.000000000000	0.000006251535	-0.000000727801	0.000000000000	-0.005744505102	0.000000000000	0.000000000000	-0.000005639981	0.000000056213	0.000000000000	0.000000000000	0.000001308000	0.000000437696	0.000000000000	0.000000000000	0.000001226864	-0.000004159968	0.000000000000
0.000003294165	0.000000000000	0.000000000000	-0.000028767390	-0.000016977716	0.000000000000	0.059433315193	0.000000000000	0.000000000000	0.000014385324	-0.000005470119	0.000000000000	0.000000000000	0.000006588104	0.000006525164	0.000000000000	0.000000000000	0.000004696650	0.000002651466	0.000000000000
-0.000002993093	0.000000000000	0.000000000000	0.000011853483	0.000006976303	0.000000000000	-0.021648425395	0.000000000000	0.000000000000	-0.000004661391	0.000003567787	0.000000000000	0.000000000000	-0.000002912126	-0.000002340413	0.000000000000	0.000000000000	-0.000002719240	-0.000000552858	0.000000000000
0.063101396386	0.000000000000	0.000000000000	-0.030380469233	-0.000666498133	0.000000000000	-0.000017688039	0.000000000000	0.000000000000	-0.000956070371	-0.020763548618	0.000000000000	0.000000000000	0.016813513214	0.022417677338	0.000000000000	0.000000000000	0.034083280652	0.006069671046	0.000000000000
0.002324461524	0.000000000000	0.000000000000	-0.087051850241	0.062662396655	0.000000000000	-0.000027609866	0.000000000000	0.000000000000	0.054214708513	-0.062912656046	0.000000000000	0.000000000000	-0.045826005420	0.007357773576	0.000000000000	0.000000000000	-0.024467165515	0.048677235779	0.000000000000
-0.005967790696	0.000000000000	0.000000000000	-0.045185882530	0.062385510448	0.000000000000	-0.000003480954	0.000000000000	0.000000000000	0.009168760143	-0.055604609106	0.000000000000	0.000000000000	-0.005569422019	0.009836079781	0.000000000000	0.000000000000	0.004695341899	0.049224075591	0.000000000000
0.000000231522	0.000000000000	0.000000000000	0.000006506238	-0.000000898663	0.000000000000	-0.005789413006	0.000000000000	0.000000000000	-0.000006545956	0.000000650289	0.000000000000	0.000000000000	0.000003495690	-0.000000522191	0.000000000000	0.000000000000	0.000004657644	-0.000001790017	0.000000000000
0.000003717169	0.000000000000	0.000000000000	-0.000032879703	-0.000020576809	0.000000000000	0.064902775804	0.000000000000	0.000000000000	0.000021534024	-0.000002045207	0.000000000000	0.000000000000	0.000001738275	0.000005454726	0.000000000000	0.000000000000	-0.000002644502	0.000000770212	0.000000000000
-0.000003336854	0.000000000000	0.000000000000	0.000013750864	0.000008758953	0.000000000000	-0.023639419938	0.000000000000	0.000000000000	-0.000008042675	0.000001986468	0.000000000000	0.000000000000	-0.000000356116	-0.000001715912	0.000000000000	0.000000000000	0.000000760257	0.000000530130	0.000000000000
0.068957245093	0.000000000000	0.000000000000	-0.042739413798	-0.015248121272	0.000000000000	-0.000031004376	0.000000000000	0.000000000000	0.023095876203	-0.010416148041	0.000000000000	0.000000000000	-0.007597982124	0.015216661898	0.000000000000	0.000000000000	0.009209494021	-0.006147814618	0.000000000000
0.002309684908	0.000000000000	0.000000000000	-0.088178000161	0.064460806226	0.000000000000	-0.000028412716	0.000000000000	0.000000000000	0.058478539193	-0.080176574320	0.000000000000	0.000000000000	-0.064015235417	0.054355988920	0.000000000000	0.000000000000	-0.044304851084	-0.033728175908	0.000000000000
-0.006009096464	0.000000000000	0.000000000000	-0.045446578668	0.064436182221	0.000000000000	-0.000003101960	0.000000000000	0.000000000000	0.007667179170	-0.071137629278	0.000000000000	0.000000000000	-0.008556462556	0.051560129619	0.000000000000	0.000000000000	0.011050850222	-0.007249396448	0.000000000000
0.000000251617	0.000000000000	0.000000000000	0.000006682387	-0.000001072902	0.000000000000	-0.005813187081	0.000000000000	0.000000000000	-0.000007096313	0.000001291920	0.000000000000	0.000000000000	0.000005063267	-0.000001985128	0.000000000000	0.000000000000	0.000007166688	0.000001889360	0.000000000000
0.000004144245	0.000000000000	0.000000000000	-0.000037039937	-0.000024283969	0.000000000000	0.070380419669	0.000000000000	0.000000000000	0.000029231929	0.000001815893	0.000000000000	0.000000000000	-0.000004363016	0.000003239461	0.000000000000	0.000000000000	-0.000012755267	-0.000001263737	0.000000000000
-0.000003681458	0.000000000000	0.000000000000	0.000015671991	0.000010591158	0.000000000000	-0.025633283318	0.000000000000	0.000000000000	-0.000011696841	0.000000188660	0.000000000000	0.000000000000	0.000002828308	-0.000000515493	0.000000000000	0.000000000000	0.000005630051	0.000001687987	0.000000000000
0.074828275687	0.000000000000	0.000000000000	-0.055368268638	-0.030234754997	0.000000000000	-0.000044828260	0.000000000000	0.000000000000	0.049553276077	0.001776165449	0.000000000000	0.000000000000	-0.037515177064	0.003013781676	0.000000000000	0.000000000000	-0.027689482290	-0.019065488282	0.000000000000
0.002296890822	0.000000000000	0.000000000000	-0.088760557987	0.065691055753	0.000000000000	-0.000028671592	0.000000000000	0.000000000000	0.059964270505	-0.091944697893	0.000000000000	0.000000000000	-0.072509967735	0.090966522766	0.000000000000	0.000000000000	-0.048283227676	-0.104575828577	0.000000000000
-0.006029709827	0.000000000000	0.000000000000	-0.045642913691	0.065615081435	0.000000000000	-0.000002892754	0.000000000000	0.000000000000	0.006775119275	-0.080853161146	0.000000000000	0.000000000000	-0.009941965178	0.081296095813	0.000000000000	0.000000000000	0.018544731698	-0.056092275046	0.000000000000
0.000000262263	0.000000000000	0.000000000000	0.000006766610	-0.000001183665	0.000000000000	-0.005822197818	0.000000000000	0.000000000000	-0.000007316451	0.000001800492	0.000000000000	0.000000000000	0.000005811059	-0.000003410778	0.000000000000	0.000000000000	0.000008166581	0.000005216359	0.000000000000
0.000004572866	0.000000000000	0.000000000000	-0.000041213200	-0.000028032774	0.000000000000	0.075856257771	0.000000000000	0.000000000000	0.000037127711	0.000005845597	0.000000000000	0.000000000000	-0.000010947624	0.000000566961	0.000000000000	0.000000000000	-0.000023983673	-0.000003367470	0.000000000000
-0.000004026147	0.000000000000	0.000000000000	0.000017599475	0.000012441376	0.000000000000	-0.027626379653	0.000000000000	0.000000000000	-0.000015448228	-0.000001690768	0.000000000000	0.000000000000	0.000006253000	0.000000909750	0.000000000000	0.000000000000	0.000011056700	0.000002881725	0.000000000000
0.080704385936	0.000000000000	0.000000000000	-0.068090972256	-0.045362220082	0.000000000000	-0.000058832353	0.000000000000	0.000000000000	0.076883709057	0.014633554040	0.000000000000	0.000000000000	-0.069534831900	-0.011069649002	0.000000000000	0.000000000000	-0.069407198624	-0.032381854753	0.000000000000
0.002291411523	0.000000000000	0.000000000000	-0.088924687259	0.066148331438	0.000000000000	-0.000028688339	0.000000000000	0.000000000000	0.060100774161	-0.096241034668	0.000000000000	0.000000000000	-0.074377550460	0.105140004019	0.000000000000	0.000000000000	-0.046632155935	-0.132002935986	0.000000000000
-0.006035288600	0.000000000000	0.000000000000	-0.045722303307	0.065988615469	0.000000000000	-0.000002837388	0.000000000000	0.000000000000	0.006508175567	-0.084134699329	0.000000000000	0.000000000000	-0.010295355974	0.092056243992	0.000000000000	0.000000000000	0.022046715264	-0.075026703927	0.000000000000
0.000000268001	0.000000000000	0.000000000000	0.000006797075	-0.000001242176	0.000000000000	-0.005823574806	0.000000000000	0.000000000000	-0.000007346330	0.000002027351	0.000000000000	0.000000000000	0.000005968778	-0.000004053566	0.000000000000	0.000000000000	0.000008258876	0.000006542171	0.000000000000
0.000000000000	0.000000001081	-0.000000015251	-0.000000000000	-0.000000000000	0.000000077243	-0.000000000000	-0.000292314208	-0.000000122428	0.000000000000	0.000000000000	0.000000198939	0.000000059825	-0.000000000000	0.000000000000	-0.000000013185	-0.000000069052	0.000000000000	0.000000000000	0.000000117265
0.000000000000	0.000000001151	-0.000000007627	-0.000000000000	-0.000000000000	0.000000024304	-0.000000000000	-0.000105219701	-0.000000038284	0.000000000000	0.000000000000	0.000000075732	0.000000015627	-0.000000000000	0.000000000000	-0.000000009405	-0.000000030064	0.000000000000	0.000000000000	0.000000045892
0.000000000000	0.000269154588	-0.000809472118	-0.000000000000	-0.000000000000	-0.001380898840	-0.000000000000	-0.000000539881	0.002815962336	0.000000000000	0.000000000000	0.003049147426	-0.002357481996	-0.000000000000	0.000000000000	-0.006555791962	-0.000701018483	0.000000000000	0.000000000000	-0.008847623070
0.000000000000	-0.000453974443	0.007140763022	-0.000000000000	-0.000000000000	-0.002080374094	-0.000000000000	0.000007756920	-0.018607947958	0.000000000000	0.000000000000	0.012555271789	0.036965036164	-0.000000000000	0.000000000000	-0.002878449462	0.054142573976	0.000000000000	0.000000000000	0.013277409091
0.000000000000	-0.000488736662	-0.002660216366	-0.000000000000	-0.000000000000	0.005473642629	-0.000000000000	-0.000003840863	0.005168025319	0.000000000000	0.000000000000	-0.017428416685	-0.019683075635	-0.000000000000	0.000000000000	0.019882194425	-0.036524640565	0.000000000000	0.000000000000	0.013989692775
0.000000000000	0.000000001028	-0.000000039004	-0.000000000000	-0.000000000000	0.000000179722	-0.000000000000	-0.000614546903	-0.000000238359	0.000000000000	0.000000000000	0.000000370844	0.000000086151	-0.000000000000	0.000000000000	-0.000000004281	-0.000000174644	0.000000000000	0.000000000000	0.000000197013
0.000000000000	0.000000007651	-0.000000078467	-0.000000000000	-0.000000000000	0.000000278868	-0.000000000000	-0.001063868113	-0.000000383132	0.000000000000	0.000000000000	0.000000709487	0.000000142855	-0.000000000000	0.000000000000	-0.000000088461	-0.000000293145	0.000000000000	0.000000000000	0.000000309850
0.000000000000	0.000000008645	-0.000000044490	-0.000000000000	-0.000000000000	0.000000073408	-0.000000000000	-0.000384876811	-0.000000090102	0.000000000000	0.000000000000	0.000000306610	0.000000014585	-0.000000000000	0.000000000000	-0.000000120569	-0.000000117309	0.000000000000	0.000000000000	0.000000024709
0.000000000000	0.001053184131	-0.002963969383	-0.000000000000	-0.000000000000	-0.005116335671	-0.000000000000	-0.000002080172	0.009654355876	0.000000000000	0.000000000000	0.010746861964	-0.007187134011	-0.000000000000	0.000000000000	-0.021447646136	-0.001074648940	0.000000000000	0.000000000000	-0.027008195645
0.000000000000	-0.000883811739	0.013963092146	-0.000000000000	-0.000000000000	-0.004559188243	-0.000000000000	0.000013338845	-0.034846054209	0.000000000000	0.000000000000	0.025762536199	0.067058123902	-0.000000000000	0.000000000000	-0.009493555728	0.091636838531	0.000000000000	0.000000000000	0.014603338052
0.000000000000	-0.000943102735	-0.005696566622	-0.000000000000	-0.000000000000	0.010335304665	-0.000000000000	-0.000006284809	0.012193481356	0.000000000000	0.000000000000	-0.032141312999	-0.039439407596	-0.000000000000	0.000000000000	0.031947804289	-0.065117291181	0.000000000000	0.000000000000	0.018077252295
0.000000000000	0.000000003083	-0.000000115307	-0.000000000000	-0.000000000000	0.000000376918	-0.000000000000	-0.001190057144	-0.000000373028	0.000000000000	0.000000000000	0.000000599993	-0.000000017920	-0.000000000000	0.000000000000	0.000000090349	-0.000000590318	0.000000000000	0.000000000000	0.000000419291
0.000000000000	0.000000024453	-0.000000214167	-0.000000000000	-0.000000000000	0.000000598717	-0.000000000000	-0.002283165614	-0.000000723382	0.000000000000	0.000000000000	0.000001460132	0.000000176237	-0.000000000000	0.000000000000	-0.000000145497	-0.000000752917	0.000000000000	0.000000000000	0.000000674219
0.000000000000	0.000000028003	-0.000000126061	-0.000000000000	-0.000000000000	0.000000132485	-0.000000000000	-0.000827515647	-0.000000126720	0.000000000000	0.000000000000	0.000000681169	-0.000000015959	-0.000000000000	0.000000000000	-0.000000297195	-0.000000266396	0.000000000000	0.000000000000	0.000000022865
0.000000000000	0.002318289625	-0.006069533475	-0.000000000000	-0.000000000000	-0.010619009466	-0.000000000000	-0.000004508232	0.018220200629	0.000000000000	0.000000000000	0.020995749681	-0.011397750410	-0.000000000000	0.000000000000	-0.037869594076	0.000952221569	0.000000000000	0.000000000000	-0.042848512208
0.000000000000	-0.001289431512	0.020429943006	-0.000000000000	-0.000000000000	-0.007423319041	-0.000000000000	0.000016763275	-0.048018533264	0.000000000000	0.000000000000	0.038967063958	0.086478105856	-0.000000000000	0.000000000000	-0.019340960205	0.102594999430	0.000000000000	0.000000000000	0.001463216912
0.000000000000	-0.001363197955	-0.009074842463	-0.000000000000	-0.000000000000	0.014580616114	-0.000000000000	-0.000007444017	0.020406645600	0.000000000000	0.000000000000	-0.043708735846	-0.055801749721	-0.000000000000	0.000000000000	0.036593973526	-0.076877869664	0.000000000000	0.000000000000	0.016966242660
0.000000000000	0.000000005775	-0.000000223906	-0.000000000000	-0.000000000000	0.000000597290	-0.000000000000	-0.001726557764	-0.000000436143	0.000000000000	0.000000000000	0.000000676835	-0.000000231670	-0.000000000000	0.000000000000	0.000000333703	-0.000001075155	0.000000000000	0.000000000000	0.000000795575
0.000000000000	0.000000055539	-0.000000435754	-0.000000000000	-0.000000000000	0.000001041590	-0.000000000000	-0.003918753179	-0.000001140862	0.000000000000	0.000000000000	0.000002350687	0.000000181430	-0.000000000000	0.000000000000	-0.000000007070	-0.000001402503	0.000000000000	0.000000000000	0.000001458821
0.000000000000	0.000000063823	-0.000000259018	-0.000000000000	-0.000000000000	0.000000198104	-0.000000000000	-0.001421695448	-0.000000162457	0.000000000000	0.000000000000	0.000001154422	-0.000000035123	-0.000000000000	0.000000000000	-0.000000409981	-0.000000442932	0.000000000000	0.000000000000	0.000000250674
0.000000000000	0.004030759078	-0.009745281331	-0.000000000000	-0.000000000000	-0.017312919719	-0.000000000000	-0.000007634910	0.026498057857	0.000000000000	0.000000000000	0.031814165755	-0.012944059041	-0.000000000000	0.000000000000	-0.050342413411	0.005369561480	0.000000000000	0.000000000000	-0.048988394846
0.000000000000	-0.001670747170	0.026507245626	-0.000000000000	-0.000000000000	-0.010660907118	-0.000000000000	0.000018131896	-0.057571757604	0.000000000000	0.000000000000	0.051613900366	0.093001120618	-0.000000000000	0.000000000000	-0.031676196116	0.085242638566	0.000000000000	0.000000000000	-0.023625961742
0.000000000000	-0.001749238295	-0.012749656509	-0.000000000000	-0.000000000000	0.018222287588	-0.000000000000	-0.000007464790	0.028965753764	0.000000000000	0.000000000000	-0.051978645880	-0.065641670716	-0.000000000000	0.000000000000	0.035571530407	-0.067820798863	0.000000000000	0.000000000000	0.015616551708
0.000000000000	0.000000008530	-0.000000359672	-0.000000000000	-0.000000000000	0.000000847216	-0.000000000000	-0.002224163066	-0.000000462007	0.000000000000	0.000000000000	0.000000597686	-0.000000460242	-0.000000000000	0.000000000000	0.000000748037	-0.000001432448	0.000000000000	0.000000000000	0.000001385756
0.000000000000	0.000000104475	-0.000000746195	-0.000000000000	-0.000000000000	0.000001620842	-0.000000000000	-0.005939223631	-0.000001673022	0.000000000000	0.000000000000	0.000003255663	0.000000208392	-0.000000000000	0.000000000000	0.000000558943	-0.000002217928	0.000000000000	0.000000000000	0.000002918608
0.000000000000	0.000000119696	-0.000000440987	-0.000000000000	-0.000000000000	0.000000278285	-0.000000000000	-0.002155991826	-0.000000247707	0.000000000000	0.000000000000	0.000001648406	0.000000018036	-0.000000000000	0.000000000000	-0.000000264545	-0.000000645820	0.000000000000	0.000000000000	0.000000943861
0.000000000000	0.006156961095	-0.013621357605	-0.000000000000	-0.000000000000	-0.024633270849	-0.000000000000	-0.000011241374	0.032706804051	0.000000000000	0.000000000000	0.041353034059	-0.010572745882	-0.000000000000	0.000000000000	-0.054604616177	0.010880590859	0.000000000000	0.000000000000	-0.041546659299
0.000000000000	-0.002027662685	0.032163433643	-0.000000000000	-0.000000000000	-0.014259903623	-0.000000000000	0.000017578103	-0.063119870841	0.000000000000	0.000000000000	0.063203918842	0.086169356103	-0.000000000000	0.000000000000	-0.045086600390	0.045771564193	0.000000000000	0.000000000000	-0.052178930935
0.000000000000	-0.002101527877	-0.016669258965	-0.000000000000	-0.000000000000	0.021284593839	-0.000000000000	-0.000006500610	0.036997888848	0.000000000000	0.000000000000	-0.056987758217	-0.066807822307	-0.000000000000	0.000000000000	0.030958602052	-0.039864344294	0.000000000000	0.000000000000	0.015996442260
0.000000000000	0.000000011019	-0.000000516587	-0.000000000000	-0.000000000000	0.000001130056	-0.000000000000	-0.002683050501	-0.000000481523	0.000000000000	0.000000000000	0.000000376494	-0.000000620626	-0.000000000000	0.000000000000	0.000001292620	-0.000001524680	0.000000000000	0.000000000000	0.000002075040
0.000000000000	0.000000174115	-0.000001137040	-0.000000000000	-0.000000000000	0.000002357956	-0.000000000000	-0.008313417635	-0.000002386138	0.000000000000	0.000000000000	0.000004053964	0.000000320950	-0.000000000000	0.000000000000	0.000001698750	-0.000003165643	0.000000000000	0.000000000000	0.000005032999
0.000000000000	0.000000198200	-0.000000662179	-0.000000000000	-0.000000000000	0.000000389523	-0.000000000000	-0.003019070032	-0.000000446332	0.000000000000	0.000000000000	0.000002078831	0.000000185319	-0.000000000000	0.000000000000	0.000000274965	-0.000000911230	0.000000000000	0.000000000000	0.000002130824
0.000000000000	0.008663563763	-0.017361452233	-0.000000000000	-0.000000000000	-0.032055680753	-0.000000000000	-0.000015071792	0.035699473117	0.000000000000	0.000000000000	0.048226962161	-0.004645785943	-0.000000000000	0.000000000000	-0.049432813963	0.014867537552	0.000000000000	0.000000000000	-0.023152320225
0.000000000000	-0.002360129401	0.037375132150	-0.000000000000	-0.000000000000	-0.018199092431	-0.000000000000	0.000015284943	-0.064576881242	0.000000000000	0.000000000000	0.073195891491	0.067605591051	-0.000000000000	0.000000000000	-0.057023604539	-0.003531344396	0.000000000000	0.000000000000	-0.071762739640
0.000000000000	-0.002420545994	-0.020770596254	-0.000000000000	-0.000000000000	0.023811962275	-0.000000000000	-0.000004704858	0.043603786208	0.000000000000	0.000000000000	-0.059025461931	-0.058600142163	-0.000000000000	0.000000000000	0.024802181558	-0.001039184353	0.000000000000	0.000000000000	0.016252125318
0.000000000000	0.000000012591	-0.000000689987	-0.000000000000	-0.000000000000	0.000001450414	-0.000000000000	-0.003103557488	-0.000000516457	0.000000000000	0.000000000000	0.000000036225	-0.000000659226	-0.000000000000	0.000000000000	0.000001873240	-0.000001319340	0.000000000000	0.000000000000	0.000002610485
0.000000000000	0.000000286524	-0.000001674386	-0.000000000000	-0.000000000000	0.000003472406	-0.000000000000	-0.011517914699	-0.000003565359	0.000000000000	0.000000000000	0.000004668037	0.000000566927	-0.000000000000	0.000000000000	0.000003862446	-0.000004506446	0.000000000000	0.000000000000	0.000007967346
0.000000000000	0.000000322409	-0.000000948858	-0.000000000000	-0.000000000000	0.000000597027	-0.000000000000	-0.004184097730	-0.000000924546	0.000000000000	0.000000000000	0.000002367334	0.000000517679	-0.000000000000	0.000000000000	0.000001514049	-0.000001434557	0.000000000000	0.000000000000	0.000003916870
0.000000000000	0.012049903228	-0.021093796523	-0.000000000000	-0.000000000000	-0.040142792797	-0.000000000000	-0.000019478671	0.033848742662	0.000000000000	0.000000000000	0.051194149040	0.005260887706	-0.000000000000	0.000000000000	-0.031765548175	0.013765860560	0.000000000000	0.000000000000	0.004880278988
0.000000000000	-0.002756808970	0.043499971275	-0.000000000000	-0.000000000000	-0.023743332724	-0.000000000000	0.000010147270	-0.061259686638	0.000000000000	0.000000000000	0.083275323250	0.032734059659	-0.000000000000	0.000000000000	-0.065800596962	-0.059980908480	0.000000000000	0.000000000000	-0.068589107735
0.000000000000	-0.002788173819	-0.026256588219	-0.000000000000	-0.000000000000	0.026417016731	-0.000000000000	-0.000001360603	0.049201490868	0.000000000000	0.000000000000	-0.058209445547	-0.036495380823	-0.000000000000	0.000000000000	0.016835674654	0.048435787808	0.000000000000	0.000000000000	0.011887356207
0.000000000000	0.000000013218	-0.000000932322	-0.000000000000	-0.000000000000	0.000001919826	-0.000000000000	-0.003595399344	-0.000000597584	0.000000000000	0.000000000000	-0.000000505309	-0.000000509150	-0.000000000000	0.000000000000	0.000002428755	-0.000000710667	0.000000000000	0.000000000000	0.000002558347
0.000000000000	0.000000437141	-0.000002258490	-0.000000000000	-0.000000000000	0.000004928674	-0.000000000000	-0.015157011900	-0.000005209032	0.000000000000	0.000000000000	0.000004807362	0.000000826679	-0.000000000000	0.000000000000	0.000006607187	-0.000006135210	0.000000000000	0.000000000000	0.000010396548
0.000000000000	0.000000484852	-0.000001233412	-0.000000000000	-0.000000000000	0.000000939044	-0.000000000000	-0.005507374404	-0.000001740411	0.000000000000	0.000000000000	0.000002322313	0.000000884017	-0.000000000000	0.000000000000	0.000003233318	-0.000002281397	0.000000000000	0.000000000000	0.000005498787
0.000000000000	0.015904197606	-0.023694114615	-0.000000000000	-0.000000000000	-0.046902550342	-0.000000000000	-0.000023451512	0.026170089170	0.000000000000	0.000000000000	0.048034972496	0.015035337306	-0.000000000000	0.000000000000	-0.006535181140	0.004957194485	0.000000000000	0.000000000000	0.028915001080
0.000000000000	-0.003116741372	0.048950253420	-0.000000000000	-0.000000000000	-0.029689048085	-0.000000000000	0.000003050735	-0.053346984701	0.000000000000	0.000000000000	0.089454924985	-0.005980736622	-0.000000000000	0.000000000000	-0.062748056333	-0.089767162348	0.000000000000	0.000000000000	-0.030479870342
0.000000000000	-0.003107603555	-0.031816786721	-0.000000000000	-0.000000000000	0.028409249981	-0.000000000000	0.000002878779	0.050866253762	0.000000000000	0.000000000000	-0.054508226890	-0.006725336892	-0.000000000000	0.000000000000	0.009198598336	0.079278848756	0.000000000000	0.000000000000	-0.002343567464
0.000000000000	0.000000011376	-0.000001190383	-0.000000000000	-0.000000000000	0.000002451373	-0.000000000000	-0.004030936481	-0.000000712159	0.000000000000	0.000000000000	-0.000001068402	-0.000000176944	-0.000000000000	0.000000000000	0.000002494103	0.000000036383	0.000000000000	0.000000000000	0.000001345932
0.000000000000	0.000000627968	-0.000002828284	-0.000000000000	-0.000000000000	0.000006795020	-0.000000000000	-0.019177821909	-0.000007315557	0.000000000000	0.000000000000	0.000004405518	0.000000820730	-0.000000000000	0.000000000000	0.000009265171	-0.000007855557	0.000000000000	0.000000000000	0.000011171606
0.000000000000	0.000000685286	-0.000001473345	-0.000000000000	-0.000000000000	0.000001471936	-0.000000000000	-0.006969658876	-0.000002895040	0.000000000000	0.000000000000	0.000001892950	0.000001056370	-0.000000000000	0.000000000000	0.000004993607	-0.000003372938	0.000000000000	0.000000000000	0.000006117905
0.000000000000	0.020169978962	-0.024773600678	-0.000000000000	-0.000000000000	-0.051692788492	-0.000000000000	-0.000026621573	0.013602281419	0.000000000000	0.000000000000	0.039018836545	0.020797213033	-0.000000000000	0.000000000000	0.018909686613	-0.010013293419	0.000000000000	0.000000000000	0.039130667547
0.000000000000	-0.003440117920	0.053725624807	-0.000000000000	-0.000000000000	-0.035944342504	-0.000000000000	-0.000005582714	-0.042026149746	0.000000000000	0.000000000000	0.090706005984	-0.040682992640	-0.000000000000	0.000000000000	-0.044426738690	-0.084616614640	0.000000000000	0.000000000000	0.030744927509
0.000000000000	-0.003380427955	-0.037323160861	-0.000000000000	-0.000000000000	0.029910335702	-0.000000000000	0.000007740771	0.048039720460	0.000000000000	0.000000000000	-0.048623273513	0.024875867801	-0.000000000000	0.000000000000	0.001187937655	0.080150669555	0.000000000000	0.000000000000	-0.024595466188
0.000000000000	0.000000007424	-0.000001453224	-0.000000000000	-0.000000000000	0.000003034261	-0.000000000000	-0.004411483590	-0.000000838519	0.000000000000	0.000000000000	-0.000001514291	0.000000237421	-0.000000000000	0.000000000000	0.000001785388	0.000000670425	0.000000000000	0.000000000000	-0.000000943013
0.000000000000	0.000000859332	-0.000003317974	-0.000000000000	-0.000000000000	0.000009131370	-0.000000000000	-0.023529399033	-0.000009739597	0.000000000000	0.000000000000	0.000003586071	0.000000259800	-0.000000000000	0.000000000000	0.000010939593	-0.000009155685	0.000000000000	0.000000000000	0.000009785471
0.000000000000	0.000000922014	-0.000001628237	-0.000000000000	-0.000000000000	0.000002244222	-0.000000000000	-0.008552415569	-0.000004285073	0.000000000000	0.000000000000	0.000001149279	0.000000824375	-0.000000000000	0.000000000000	0.000006229414	-0.000004348769	0.000000000000	0.000000000000	0.000005465551
0.000000000000	0.024792907431	-0.024083175178	-0.000000000000	-0.000000000000	-0.054078715968	-0.000000000000	-0.000028672355	-0.001732802455	0.000000000000	0.000000000000	0.025694263162	0.020028975723	-0.000000000000	0.000000000000	0.037578541094	-0.025090845303	0.000000000000	0.000000000000	0.033994736483
0.000000000000	-0.003727389928	0.057845411616	-0.000000000000	-0.000000000000	-0.042389578379	-0.000000000000	-0.000015327190	-0.028715171542	0.000000000000	0.000000000000	0.086218374715	-0.065232744688	-0.000000000000	0.000000000000	-0.011949182414	-0.050865043515	0.000000000000	0.000000000000	0.087461461471
0.000000000000	-0.003608755292	-0.042644633087	-0.000000000000	-0.000000000000	0.031054749628	-0.000000000000	0.000013002863	0.040799955246	0.000000000000	0.000000000000	-0.041056852641	0.051690804945	-0.000000000000	0.000000000000	-0.008816955330	0.052280393117	0.000000000000	0.000000000000	-0.045186659531
0.000000000000	0.000000000104	-0.000001720535	-0.000000000000	-0.000000000000	0.000003662850	-0.000000000000	-0.004738886910	-0.000000930983	0.000000000000	0.000000000000	-0.000001721899	0.000000633135	-0.000000000000	0.000000000000	0.000000251437	0.000001065034	0.000000000000	0.000000000000	-0.000003523921
0.000000000000	0.000001130114	-0.000003661253	-0.000000000000	-0.000000000000	0.000011992618	-0.000000000000	-0.028162009274	-0.000012202864	0.000000000000	0.000000000000	0.000002566942	-0.000001037295	-0.000000000000	0.000000000000	0.000010817843	-0.000009134455	0.000000000000	0.000000000000	0.000006412344
0.000000000000	0.000001191955	-0.000001661167	-0.000000000000	-0.000000000000	0.000003297806	-0.000000000000	-0.010237549002	-0.000005724606	0.000000000000	0.000000000000	0.000000231393	0.000000060637	-0.000000000000	0.000000000000	0.000006429899	-0.000004622983	0.000000000000	0.000000000000	0.000003674288
0.000000000000	0.029719976301	-0.021450245833	-0.000000000000	-0.000000000000	-0.053741933585	-0.000000000000	-0.000029335917	-0.017315024256	0.000000000000	0.000000000000	0.010103379402	0.011699827318	-0.000000000000	0.000000000000	0.044347338595	-0.033100047374	0.000000000000	0.000000000000	0.017154145557
0.000000000000	-0.003979137521	0.061342734210	-0.000000000000	-0.000000000000	-0.048887102141	-0.000000000000	-0.000025753703	-0.014951756846	0.000000000000	0.000000000000	0.075460279784	-0.076018945990	-0.000000000000	0.000000000000	0.029216313655	-0.005405380964	0.000000000000	0.000000000000	0.109596070651
0.000000000000	-0.003794986735	-0.047655946442	-0.000000000000	-0.000000000000	0.031973435698	-0.000000000000	0.000018463790	0.029657278291	0.000000000000	0.000000000000	-0.032196177754	0.068227586122	-0.000000000000	0.000000000000	-0.021096555178	0.007177036064	0.000000000000	0.000000000000	-0.051011189920
0.000000000000	-0.000000009265	-0.000001980305	-0.000000000000	-0.000000000000	0.000004314191	-0.000000000000	-0.005015284649	-0.000000947641	0.000000000000	0.000000000000	-0.000001561333	0.000000937382	-0.000000000000	0.000000000000	-0.000001899019	0.000001305404	0.000000000000	0.000000000000	-0.000005134324
0.000000000000	0.000001437805	-0.000003803995	-0.000000000000	-0.000000000000	0.000015405357	-0.000000000000	-0.033028959773	-0.000014322465	0.000000000000	0.000000000000	0.000001707471	-0.000002926712	-0.000000000000	0.000000000000	0.000008661450	-0.000007124577	0.000000000000	0.000000000000	0.000002247388
0.000000000000	0.000001491251	-0.000001546525	-0.000000000000	-0.000000000000	0.000004654054	-0.000000000000	-0.012008069563	-0.000006970915	0.000000000000	0.000000000000	-0.000000642483	-0.000001130348	-0.000000000000	0.000000000000	0.000005456854	-0.000003760148	0.000000000000	0.000000000000	0.000001450584
0.000000000000	0.034901477964	-0.016852771183	-0.000000000000	-0.000000000000	-0.050597276488	-0.000000000000	-0.000028462223	-0.030428578773	0.000000000000	0.000000000000	-0.005301829969	-0.002171686371	-0.000000000000	0.000000000000	0.038913659764	-0.029391620842	0.000000000000	0.000000000000	-0.002987256688
0.000000000000	-0.004196276436	0.064263790522	-0.000000000000	-0.000000000000	-0.055282179510	-0.000000000000	-0.000036455358	-0.002058686990	0.000000000000	0.000000000000	0.058522756675	-0.072827159259	-0.000000000000	0.000000000000	0.069431113496	0.033036440838	0.000000000000	0.000000000000	0.082212706033
0.000000000000	-0.003942108248	-0.052244422056	-0.000000000000	-0.000000000000	0.032785359074	-0.000000000000	0.000023966166	0.015723032707	0.000000000000	0.000000000000	-0.022143938374	0.071367298620	-0.000000000000	0.000000000000	-0.034169207164	-0.036812577575	0.000000000000	0.000000000000	-0.032912963425
0.000000000000	-0.000000022201	-0.000002240292	-0.000000000000	-0.000000000000	0.000004975900	-0.000000000000	-0.005243438336	-0.000000846637	0.000000000000	0.000000000000	-0.000000969849	0.000001151127	-0.000000000000	0.000000000000	-0.000004183020	0.000001517284	0.000000000000	0.000000000000	-0.000004860574
0.000000000000	0.000001778658	-0.000003705014	-0.000000000000	-0.000000000000	0.000019378223	-0.000000000000	-0.038085365619	-0.000015659057	0.000000000000	0.000000000000	0.000001397312	-0.000004921282	-0.000000000000	0.000000000000	0.000004708576	-0.000002898388	0.000000000000	0.000000000000	-0.000001462516
0.000000000000	0.000001815264	-0.000001268650	-0.000000000000	-0.000000000000	0.000006320031	-0.000000000000	-0.013847644841	-0.000007759822	0.000000000000	0.000000000000	-0.000001235924	-0.000002447412	-0.000000000000	0.000000000000	0.000003465081	-0.000001613420	0.000000000000	0.000000000000	-0.000000458191
0.000000000000	0.040289670438	-0.010342690793	-0.000000000000	-0.000000000000	-0.044676248587	-0.000000000000	-0.000025973514	-0.038561626734	0.000000000000	0.000000000000	-0.018155828794	-0.018072781200	-0.000000000000	0.000000000000	0.023787609628	-0.012908578078	0.000000000000	0.000000000000	-0.018548674659
0.000000000000	-0.004379890928	0.066664625539	-0.000000000000	-0.000000000000	-0.061409065210	-0.000000000000	-0.000047020876	0.008867424667	0.000000000000	0.000000000000	0.036039336496	-0.058351222487	-0.000000000000	0.000000000000	0.097474816946	0.051368285877	0.000000000000	0.000000000000	0.013634729346
0.000000000000	-0.004053422855	-0.056311638655	-0.000000000000	-0.000000000000	0.033592428009	-0.000000000000	0.000029359523	0.000326823533	0.000000000000	0.000000000000	-0.011001437736	0.060675904478	-0.000000000000	0.000000000000	-0.044826061419	-0.063394473996	0.000000000000	0.000000000000	0.005718037545
0.000000000000	-0.000000036247	-0.000002483975	-0.000000000000	-0.000000000000	0.000005615919	-0.000000000000	-0.005426440392	-0.000000617150	0.000000000000	0.000000000000	0.000000074187	0.000001326979	-0.000000000000	0.000000000000	-0.000005908943	0.000001752313	0.000000000000	0.000000000000	-0.000002555388
0.000000000000	0.000002148100	-0.000003346795	-0.000000000000	-0.000000000000	0.000023880069	-0.000000000000	-0.043290628606	-0.000015847572	0.000000000000	0.000000000000	0.000001976703	-0.000006259867	-0.000000000000	0.000000000000	-0.000000068762	0.000002662845	0.000000000000	0.000000000000	-0.000003880334
0.000000000000	0.000002159257	-0.000000826943	-0.000000000000	-0.000000000000	0.000008278139	-0.000000000000	-0.015741501758	-0.000007885801	0.000000000000	0.000000000000	-0.000001352386	-0.000003429497	-0.000000000000	0.000000000000	0.000001016039	0.000001289706	0.000000000000	0.000000000000	-0.000001596155
0.000000000000	0.045841442456	-0.002099887889	-0.000000000000	-0.000000000000	-0.036214730632	-0.000000000000	-0.000021931705	-0.040069260705	0.000000000000	0.000000000000	-0.026748277757	-0.031162325292	-0.000000000000	0.000000000000	0.004779023349	0.010453041995	0.000000000000	0.000000000000	-0.025829327505
0.000000000000	-0.004531458323	0.068603890182	-0.000000000000	-0.000000000000	-0.067103305319	-0.000000000000	-0.000057083857	0.017226617019	0.000000000000	0.000000000000	0.009413014247	-0.037089352336	-0.000000000000	0.000000000000	0.104328672603	0.047341272547	0.000000000000	0.000000000000	-0.065525932631
0.000000000000	-0.004132865163	-0.059786940791	-0.000000000000	-0.000000000000	0.034459886595	-0.000000000000	0.000034519263	-0.014984718262	0.000000000000	0.000000000000	0.001182158918	0.039039740793	-0.000000000000	0.000000000000	-0.048524181480	-0.064612017940	0.000000000000	0.000000000000	0.049111175295
0.000000000000	-0.000000053276	-0.000002727146	-0.000000000000	-0.000000000000	0.000006219745	-0.000000000000	-0.005568071611	-0.000000273225	0.000000000000	0.000000000000	0.000001503175	0.000001547500	-0.000000000000	0.000000000000	-0.000006508960	0.000001889145	0.000000000000	0.000000000000	0.000000773989
0.000000000000	0.000002540768	-0.000002732130	-0.000000000000	-0.000000000000	0.000028857093	-0.000000000000	-0.048606614654	-0.000014612857	0.000000000000	0.000000000000	0.000003699593	-0.000006055414	-0.000000000000	0.000000000000	-0.000004518427	0.000007877002	0.000000000000	0.000000000000	-0.000004736783
0.000000000000	0.000002518272	-0.000000232119	-0.000000000000	-0.000000000000	0.000010496367	-0.000000000000	-0.017675763384	-0.000007204536	0.000000000000	0.000000000000	-0.000000849260	-0.000003570557	-0.000000000000	0.000000000000	-0.000001232027	0.000003997767	0.000000000000	0.000000000000	-0.000001836010
0.000000000000	0.051516347554	0.007641855054	-0.000000000000	-0.000000000000	-0.025536170792	-0.000000000000	-0.000016468541	-0.033964571544	0.000000000000	0.000000000000	-0.029931564996	-0.036800876956	-0.000000000000	0.000000000000	-0.011891892651	0.031801997039	0.000000000000	0.000000000000	-0.024314473066
0.000000000000	-0.004652654610	0.070143802424	-0.000000000000	-0.000000000000	-0.072201045181	-0.000000000000	-0.000066274543	0.022829993419	0.000000000000	0.000000000000	-0.019406376029	-0.014244857134	-0.000000000000	0.000000000000	0.085436765275	0.028920021116	0.000000000000	0.000000000000	-0.117430368026
0.000000000000	-0.004184700976	-0.062620614860	-0.000000000000	-0.000000000000	0.035425398911	-0.000000000000	0.000039310921	-0.028785809859	0.000000000000	0.000000000000	0.014160237952	0.011098872280	-0.000000000000	0.000000000000	-0.041871463681	-0.042311020079	0.000000000000	0.000000000000	0.075753526013
0.000000000000	-0.000000069574	-0.000002944106	-0.000000000000	-0.000000000000	0.000006752652	-0.000000000000	-0.005672469883	0.000000141691	0.000000000000	0.000000000000	0.000003182273	0.000001868369	-0.000000000000	0.000000000000	-0.000005602408	0.000001614604	0.000000000000	0.000000000000	0.000003416272
0.000000000000	0.000002951271	-0.000001887375	-0.000000000000	-0.000000000000	0.000034222329	-0.000000000000	-0.054000820133	-0.000011920401	0.000000000000	0.000000000000	0.000006594368	-0.000003718150	-0.000000000000	0.000000000000	-0.000007631035	0.000010847871	0.000000000000	0.000000000000	-0.000004536011
0.000000000000	0.000002887887	0.000000493242	-0.000000000000	-0.000000000000	0.000012924996	-0.000000000000	-0.019638601363	-0.000005714069	0.000000000000	0.000000000000	0.000000286260	-0.000002549462	-0.000000000000	0.000000000000	-0.000002736556	0.000005461393	0.000000000000	0.000000000000	-0.000001463275
0.000000000000	0.057280010998	0.018576636225	-0.000000000000	-0.000000000000	-0.013083887329	-0.000000000000	-0.000009823965	-0.020590860215	0.000000000000	0.000000000000	-0.027729270947	-0.032325431099	-0.000000000000	0.000000000000	-0.021754531811	0.041868361886	0.000000000000	0.000000000000	-0.016780183667
0.000000000000	-0.004745589384	0.071337418931	-0.000000000000	-0.000000000000	-0.076560864434	-0.000000000000	-0.000074290087	0.025940283273	0.000000000000	0.000000000000	-0.048004885217	0.005966203377	-0.000000000000	0.000000000000	0.043663509456	0.008309204052	0.000000000000	0.000000000000	-0.116753446140
0.000000000000	-0.004213855171	-0.064802545829	-0.000000000000	-0.000000000000	0.036471146194	-0.000000000000	0.000043606881	-0.039963598838	0.000000000000	0.000000000000	0.027404137519	-0.017346126406	-0.000000000000	0.000000000000	-0.023677273123	-0.008036307482	0.000000000000	0.000000000000	0.069333468704
0.000000000000	-0.000000087444	-0.000003157078	-0.000000000000	-0.000000000000	0.000007205924	-0.000000000000	-0.005744502837	0.000000553328	0.000000000000	0.000000000000	0.000004929078	0.000002280305	-0.000000000000	0.000000000000	-0.000003333829	0.000000756394	0.000000000000	0.000000000000	0.000004004476
0.000000000000	0.000003374066	-0.000000856554	-0.000000000000	-0.000000000000	0.000039875041	-0.000000000000	-0.059443898956	-0.000007906212	0.000000000000	0.000000000000	0.000010555444	0.000001013733	-0.000000000000	0.000000000000	-0.000008821828	0.000010049148	0.000000000000	0.000000000000	-0.000003729266
0.000000000000	0.000003263950	0.000001319008	-0.000000000000	-0.000000000000	0.000015507260	-0.000000000000	-0.021619336020	-0.000003504095	0.000000000000	0.000000000000	0.000001992011	-0.000000235787	-0.000000000000	0.000000000000	-0.000003191364	0.000004871997	0.000000000000	0.000000000000	-0.000000751634
0.000000000000	0.063101464717	0.030380358405	-0.000000000000	-0.000000000000	0.000666564460	-0.000000000000	-0.000002277844	-0.000955928104	0.000000000000	0.000000000000	-0.020763569270	-0.016813563013	-0.000000000000	0.000000000000	-0.022417511194	0.034083338762	0.000000000000	0.000000000000	-0.006069870374
0.000000000000	-0.004812591985	0.072234342778	-0.000000000000	-0.000000000000	-0.080055050764	-0.000000000000	-0.000080832136	0.027158611376	0.000000000000	0.000000000000	-0.073768478267	0.020906845468	-0.000000000000	0.000000000000	-0.011759315860	-0.003956112868	0.000000000000	0.000000000000	-0.062904109021
0.000000000000	-0.004225589955	-0.066347459799	-0.000000000000	-0.000000000000	0.037546290928	-0.000000000000	0.000047257167	-0.047809409895	0.000000000000	0.000000000000	0.040100494768	-0.041157484645	-0.000000000000	0.000000000000	0.003549994478	0.024597549947	0.000000000000	0.000000000000	0.028905981713
0.000000000000	-0.000000101877	-0.000003326895	-0.000000000000	-0.000000000000	0.000007550521	-0.000000000000	-0.005789410462	0.000000903545	0.000000000000	0.000000000000	0.000006515066	0.000002701976	-0.000000000000	0.000000000000	-0.000000256363	-0.000000636962	0.000000000000	0.000000000000	0.000002130365
0.000000000000	0.000003804512	0.000000306628	-0.000000000000	-0.000000000000	0.000045709678	-0.000000000000	-0.064913536186	-0.000002913551	0.000000000000	0.000000000000	0.000015278814	0.000007752251	-0.000000000000	0.000000000000	-0.000008299923	0.000005476290	0.000000000000	0.000000000000	-0.000002657740
0.000000000000	0.000003643404	0.000002212621	-0.000000000000	-0.000000000000	0.000018185685	-0.000000000000	-0.023609846265	-0.000000772191	0.000000000000	0.000000000000	0.000004103543	0.000003145124	-0.000000000000	0.000000000000	-0.000002724666	0.000002260170	0.000000000000	0.000000000000	0.000000109854
0.000000000000	0.068957318938	0.042739252207	-0.000000000000	-0.000000000000	0.015248221553	-0.000000000000	0.000005863524	0.023095972126	0.000000000000	0.000000000000	-0.010416109380	0.007597980954	-0.000000000000	0.000000000000	-0.015216634997	0.009209532183	0.000000000000	0.000000000000	0.006147704290
0.000000000000	-0.004856450827	0.072864511338	-0.000000000000	-0.000000000000	-0.082597146891	-0.000000000000	-0.000085687972	0.027206001059	0.000000000000	0.000000000000	-0.094269401798	0.029934748087	-0.000000000000	0.000000000000	-0.067041502407	-0.004768526657	0.000000000000	0.000000000000	0.018347822269
0.000000000000	-0.004225839004	-0.067316529429	-0.000000000000	-0.000000000000	0.038534855845	-0.000000000000	0.000050104437	-0.052329709017	0.000000000000	0.000000000000	0.051010669903	-0.057228091589	-0.000000000000	0.000000000000	0.033443525277	0.045412434971	0.000000000000	0.000000000000	-0.029214794852
0.000000000000	-0.000000115675	-0.000003479912	-0.000000000000	-0.000000000000	0.000007793239	-0.000000000000	-0.005813184287	0.000001120234	0.000000000000	0.000000000000	0.000007766697	0.000003012713	-0.000000000000	0.000000000000	0.000002789668	-0.000002154134	0.000000000000	0.000000000000	-0.000001214681
0.000000000000	0.000004238505	0.000001543431	-0.000000000000	-0.000000000000	0.000051628353	-0.000000000000	-0.070391286263	0.000002630372	0.000000000000	0.000000000000	0.000020421340	0.000015754349	-0.000000000000	0.000000000000	-0.000006649516	-0.000001821594	0.000000000000	0.000000000000	-0.000001450597
0.000000000000	0.000004023837	0.000003141365	-0.000000000000	-0.000000000000	0.000020907828	-0.000000000000	-0.025603418963	0.000002248018	0.000000000000	0.000000000000	0.000006436517	0.000007191099	-0.000000000000	0.000000000000	-0.000001659851	-0.000001795045	0.000000000000	0.000000000000	0.000001042750
0.000000000000	0.074828355274	0.055368039585	-0.000000000000	-0.000000000000	0.030234903731	-0.000000000000	0.000014307067	0.049553305782	0.000000000000	0.000000000000	0.001776287909	0.037515222697	-0.000000000000	0.000000000000	-0.003013927169	-0.027689472613	0.000000000000	0.000000000000	0.019065545253
0.000000000000	-0.004880186916	0.073248284079	-0.000000000000	-0.000000000000	-0.084125715196	-0.000000000000	-0.000088666798	0.026875979181	0.000000000000	0.000000000000	-0.107423983711	0.034142048971	-0.000000000000	0.000000000000	-0.107505745758	0.000912866739	0.000000000000	0.000000000000	0.088476362251
0.000000000000	-0.004220873986	-0.067796804275	-0.000000000000	-0.000000000000	0.039287682025	-0.000000000000	0.000051964172	-0.054030984522	0.000000000000	0.000000000000	0.058746173993	-0.064736640543	-0.000000000000	0.000000000000	0.057675917336	0.051713854158	0.000000000000	0.000000000000	-0.079084568662
0.000000000000	-0.000000122840	-0.000003563454	-0.000000000000	-0.000000000000	0.000007919838	-0.000000000000	-0.005822194862	0.000001216454	0.000000000000	0.000000000000	0.000008517510	0.000003135828	-0.000000000000	0.000000000000	0.000004908410	-0.000003177460	0.000000000000	0.000000000000	-0.000004252059
0.000000000000	0.000004673735	0.000002810297	-0.000000000000	-0.000000000000	0.000057572092	-0.000000000000	-0.075867160018	0.000008381923	0.000000000000	0.000000000000	0.000025704137	0.000024248963	-0.000000000000	0.000000000000	-0.000004579939	-0.000010238928	0.000000000000	0.000000000000	-0.000000124716
0.000000000000	0.000004404356	0.000004083376	-0.000000000000	-0.000000000000	0.000023642979	-0.000000000000	-0.027596418553	0.000005374399	0.000000000000	0.000000000000	0.000008845035	0.000011493105	-0.000000000000	0.000000000000	-0.000000373695	-0.000006435817	0.000000000000	0.000000000000	0.000002030024
0.000000000000	0.080704471528	0.068090658651	-0.000000000000	-0.000000000000	0.045362432793	-0.000000000000	0.000022856907	0.076883659236	0.000000000000	0.000000000000	0.014633783536	0.069534915599	-0.000000000000	0.000000000000	0.011069333531	-0.069407216584	0.000000000000	0.000000000000	0.032382094614
0.000000000000	-0.004887293284	0.073379054633	-0.000000000000	-0.000000000000	-0.084633107945	-0.000000000000	-0.000089675346	0.026671889543	0.000000000000	0.000000000000	-0.111977061863	0.035112919537	-0.000000000000	0.000000000000	-0.122464597591	0.004768345857	0.000000000000	0.000000000000	0.115649519238
0.000000000000	-0.004217640544	-0.067923882922	-0.000000000000	-0.000000000000	0.039589595043	-0.000000000000	0.000052633463	-0.054250589920	0.000000000000	0.000000000000	0.061661033021	-0.066370741474	-0.000000000000	0.000000000000	0.067314426664	0.051360103996	0.000000000000	0.000000000000	-0.098381643010
0.000000000000	-0.000000127069	-0.000003608850	-0.000000000000	-0.000000000000	0.000007962610	-0.000000000000	-0.005823571779	0.000001214978	0.000000000000	0.000000000000	0.000008768737	0.000003127135	-0.000000000000	0.000000000000	0.000005658818	-0.000003498810	0.000000000000	0.000000000000	-0.000005470780
